Farenheit Celsius
-10       -23            
-9        -22            
-8        -22            
-7        -21            
-6        -21            
-5        -20            
-4        -20            
-3        -19            
-2        -18            
-1        -18            
0         -17            
1         -17            
2         -16            
3         -16            
4         -15            
5         -15            
6         -14            
7         -13            
8         -13            
9         -12            
10        -12            
